52903
953
17
2
3
23545
185
241
131047
19
124305
4706
4903
640
8
12770
2
281481
31901
20041
273
816
1969
108784
1
434530
20175
0
112967
5480
49
465
1
0
1090
13
3
33
98
481
2507
3
0
101
453089
53825
14161
1
135703
55
34
5
3554
0
1
921
61
0
0
149986
1649
1
8424
1
2
2
45
13
13
0
1080
1488
7714
2
1891
25
226
2
106338
0
61
1337
3835
24194
171887
21
1019
66
3857
49
89
3
257
2
1
381099
3453
99429
29410
34
6145
19
3145
78649
37
91993
0
2
226633
3761
0
49
1
337
1
8
98815
1
1
13
14064
2
445
681
66
1803
0
151637
0
0
133
962
5
0
429
1
0
303
23991
7563
1
81
9
112617
153
2
24747
137
251
12418
653
22168
491169
0
760
0
488
1345
8
1
3165
0
3
2
1488
8080
450
8992
1
201
2623
2973
546
10594
253
1
1
0
209
249733
33
2
257
1008
41
103
2217
347
2
5
2
425
247
16834
2163
224835
25
960
864
97
226
365
5
34
0
1
0
15517
581
81
18594
5328
37
2249
117
2
753
53313
40
13
25096
16881
93
7624
11330
376
2936
5168
1
109
5
9111
26626
5
5
49
2
2043
194697
809
2
0
248
51641
8
1570
1
102457
1984
1541
13
11287
1983
2445
0
0
33
69735
0
98
6453
34
63
1
0
24
5421
9
2976
48
2
226
9314
168
39640
29
0
2
13
97072
0
29217
46016
1
114607
13577
21
7349
179249
52392
27353
130
2
176437
162
165
67733
1
27
1
27957
189897
333712
76891
1
1
59371
1538
3147
912
40537
21
473
1973
1125
17072
361
1
277
27343
1
0
1
0
141
110210
1
207745
160253
64185
1
29337
11096
321
6178
7
7221
21
386
36322
216
13
747
101633
899
16079
245
66111
1609
3
89
1285
57
1513
3765
4157
50949
45
2
1857
2
110649
7997
27
3
5
4779
108377
290
0
2
1853
7
0
21385
9
94584
6850
3485
0
1
965
9
3330
429
56
41
1784
8045
12689
3
5369
24
208
175
5520
15
1
104
164623
837
125456
70713
57
0
189890
17
1
7921
24
2
53
32
2
2
2
1
16
119353
0
0
148728
1
194
2
59957
3
0
3
7
61
5
2561
2
88
453
10491
693
2
821
1
3
8136
10897
30743
609
3857
61861
7845
88514
16
2573
103938
0
2691
1
7
83
89
75840
0
1
229
13
673
25
2
32
176
182818
457
87
301
0
51
3
61
5920
0
3045
0
1301
2
3705
258
55
5625
107
105
651
1
32744
8873
1
518009
191535
25057
7611
177711
349
1
177
5
29
7555
2
91665
123211
1
3227
17
200301
0
141
5
3771
196277
461895
127361
1
1061
93
9313
15039
59
1432
2
51
459197
297
57
13
48
201
2701
524217
80693
6785
3080
5
2
1
0
7293
1121
73
482
53877
0
1384
1
21346
1
0
10869
72
14306
1
9045
13
7
1
1
66
1192
59298
0
139
130
53053
9449
84098
376
4369
17
0
45
93304
941
1
31
2
27585
21
133
45
189245
1
9
61346
235842
1536
31
57
0
13
247261
66
506914
27
29045
339523
0
2
5
0
3618
45
7
1
0
0
3
58649
18304
3298
137
404834
5
761
2
2
7261
1065
99385
1
5
273
2
1
121
1
418
8
591
1
13
254504
7976
208768
19049
77
5737
2925
96801
61
22816
11
0
13
1809
165698
2101
7
59938
0
21
29
5
9
3024
375
5
3394
573
243
28544
1
19881
8
20285
13693
80
1
1
9
1497
2985
124866
11
17095
2
5
25191
689
7673
0
117245
2117
5137
560
3309
1
0
1
5
9379
25672
37936
0
264
53664
1
325
61
21
895
45
111065
100290
130649
482
7725
866
440
201
61
17
827
2
450
5026
35
261
2
5
1
121144
1
14389
88479
19552
2
1
197
1499
25032
1553
0
5315
97378
1
184
0
1
0
111
6973
11169
126561
13
14690
4537
9
1
13
14865
1697
13
418503
1
5840
13
185
25
238239
5
83833
50576
22287
0
0
1
13
96
2
25
1
592
1
2
29
45933
2
3693
1013
159
1
975
0
100617
7285
201
1661
197
2
1
2
1
8
16
39085
569
19682
2617
10179
21
0
1
6485
60181
325
1
142053
21407
2786
2
226
6736
180984
1
3
2
152
1325
0
16641
3
183
2626
2
337
3
3261
5
3
2608
777
13912
30233
7653
149
89881
48
13921
2183
802
4985
155249
4021
60392
64773
24674
0
1
369
1
88130
21
369
17
6135
5593
2045
381
0
1
69736
687
1
32
841
5469
25
386832
22257
63417
21
1
2
29
4009
2626
10899
117
1634
0
37905
879
3633
7909
765
105
20487
4617
153
873
11861
581
214459
2392
9
0
418
97
11353
1
407
3283
0
0
41
8
514
245001
1727
7697
34
6673
85
453
2456
41401
9355
77
39
305
2809
9
1
117
1
482701
0
87
233
55
162739
680
25469
141
16321
1
2853
203
0
2125
0
9901
1
0
8
32432
4337
24
29282
61
7
472
1317
1
0
130
51
101
3778
1
9
85
0
25
98
127833
30536
15
63
59
3589
57741
1368
89
385
3833
240
15585
4552
3277
34032
5
7490
66
37
245
240
13583
4921
130
0
770
25
1
43201
0
0
297
39
45
3
0
88
18521
85
66
3680
31751
0
56
31
1
45186
112
5
214351
1
425
43
241
425
370303
319
21
0
3211
1
200
248592
1
25
26261
147
162667
0
7073
1
0
0
19170
2
85
473347
0
2901
2
5505
122850
24
36173
0
25
1
7075
9109
2637
11
49
28656
1
491
55341
418
256285
61
851
70445
91632
20187
6944
36629
386
962
1
28009
1
1001
0
0
2707
1677
64
1
231861
25791
0
0
109
203079
17
8
697
0
285
1277
5826
53
125
8301
5
9
37353
19013
1
99
5216
3
385255
0
1873
17065
2901
21
304983
40
1093
0
0
94645
0
0
0
34946
24066
29
3042
3720
7055
212335
168
16101
28319
2
2
0
27547
21
2169
901
1
3
85
369
1
151
71
162
293
43497
1
7682
0
3231
118584
1
0
10658
20959
144537
2983
231465
706
1858
294146
265
96
80
337
0
1
6146
1
245
0
575
0
2657
0
0
7528
37
33
1
23
254255
43
2345
1
477
207
0
1
121058
2
51304
50773
0
125
0
123889
753
8680
0
1
120
249424
28472
557
27
34
48113
1635
226184
1088
322
2697
377
1
19768
317
1155
69813
8
32763
8737
0
19661
1569
553
204717
120456
610
5
94817
27929
0
729
155
40
9821
178391
1789
24
85245
641
0
3
3981
881
9757
6291
157
57
488144
0
1282
7689
13
2
589
777
547
3
227
48
1
505
965
29
23985
175989
869
8322
51362
13173
84805
2
5192
409
505587
24952
2017
56066
9
14865
1
25
126539
10384
3
13
2
5
195631
8
241
369749
10397
53
241
39125
391
103
34821
14201
1
369
19
3152
21
151785
108184
0
4315
1
9728
3528
3
3317
290
309
960
153
1
50978
14033
5
677
354
142833
55984
358477
183
1090
1
1
1040
116304
0
192525
37
16802
1
5
16445
1
78242
0
57
471
0
59187
41909
8
25
21321
3
5613
14187
51856
3339
1
14593
9
0
6089
5
22416
3687
8
3
48
522217
189
8450
16233
1021
3
104
457
48785
5186
317
6594
1347
65152
0
22114
6161
72
5
81
34
112600
13
19685
2304
311
74626
249
56
38439
0
957
1103
1429
629
19
112
13474
1425
17
514
697
13985
30104
0
9
1
80528
1
0
52290
2912
28834
3
7801
9
3957
14357
1728
14965
244425
1
1
109
66541
15
83865
22728
2335
256610
1
336
3159
7
9
73
21
413
1538
208
200309
9
210161
529
1949
29553
132585
1
6880
1
2
1
113
25448
4833
1
15
1
375777
256
85794
255165
48
4002
39
72
1983
3426
8161
5049
179261
125
0
0
256
713
11729
38117
4091
3
5
27833
817
578
7
245
34
97223
34
118722
22104
35522
293856
1871
17937
7349
1
2597
43605
47359
451017
22277
129
34
1890
41
1410
1986
9
98
34
0
11
177
2665
8
25899
103970
15989
9555
34946
67
84834
207001
84857
57
244349
53
14365
0
2
71
334989
37
1513
1912
891
4720
12738
0
5869
0
962
0
312
48
1
5
2
7281
17693
239
2
104672
4512
1
312
5
49
99169
85
250609
64962
32
2
61
14448
0
64761
129247
5
45
0
283325
749
68753
0
237
7169
66114
129
205
11
162
6357
1025
24
316098
70527
2
3533
287
0
1
409
49
2
85989
424994
3377
81
123
109277
289
1
0
5
5649
341
757
17
2
3
27
0
213
69
44642
5
84073
45
31677
1
247
9506
8
23
27
73
260025
1
293133
5
0
5192
23
1
7105
9
11
7
133208
211153
371
5
1
37
0
1
3177
1
29
5730
0
680
1235
331104
7752
5
6032
1890
1
1681
0
1
141
441
7
245
909
251
0
7618
2
13
0
41
255993
1
136
7
113
13637
33
1
0
2
73
105192
61
77
1
1043
407
13
2293
17
1056
0
205
58309
89
16544
14664
21021
25
20265
101
0
29
226
0
1
2985
488817
8680
1903
0
81
94983
1025
1
679
0
13
34
29
133
280993
632
2
98050
252053
34063
47997
6594
1017
45
6288
17013
7453
448
1199
1
69
1
40
5
0
14071
57
1
5329
493
2
161
205
90641
19679
0
9
5
8749
2183
1
27
277
34
73
233
0
55065
1
25
2
57
443
8
9
85
120319
417
221506
100045
0
1
8309
203394
113
0
13547
493
2729
472
59
197
205797
197
1955
16
1
3833
706
201351
177
493
21
281
12775
258
128773
637
0
29
8
0
1448
48
216
53
29
20613
1
8007
23
36805
94199
0
59845
87999
313
3864
3
0
505
880
84157
496727
469
0
3
28240
4152
0
280
3761
13
5
3
55074
1909
7
59202
1
1
16595
1
669
98993
3239
146039
0
53312
50561
394339
16
96
0
1
1464
24
5
48
7117
0
0
89
5
13
63512
219
1267
3683
255
3
1125
9
425
0
37
189
115
1947
1701
97851
16839
374456
1
98077
0
66178
213
24
28707
130
3729
1
23
1
1305
661
37
457656
7053
16
8
3024
0
228077
2
969
1
19727
32066
261
5
507
257
33
0
0
706
1090
376
260128
45069
7704
61
177
1
7
706
213026
29
34913
485311
69
0
0
41333
354
55415
2
2
3
210297
119
1
1
0
5
5
27
120905
2
2497
128
123
21599
3777
62339
398504
3597
6235
1397
9072
88753
18530
7445
166480
310080
41249
7
19663
1
105849
98
1
0
1
655
61
1505
0
1
321
255
158233
141
1
80053
241168
0
3
1
11741
511
3777
206936
5
98
6349
579
5871
1
50133
1065
3
4099
113
13
2
2
26658
12039
4553
225560
44271
573
28209
144
1
4181
1
1
449
2624
221
5
27
0
3906
485
6515
24
2
5
181
0
17
1
209
4989
2229
377
103993
1
101
2781
113625
0
32459
92290
2
41443
0
371
268706
144
1
47
4181
1297
3
6562
21
0
2
233
2
20623
56
9
39339
418
81157
39339
26754
8
59
4029
5
85
250445
377
15
29
6325
0
1
5
0
6765
144
0
600
41
343938
204225
0
0
1
0
4685
167528
165277
65346
0
621
3793
0
1
5
1250
5689
2
1
1
1
33
55111
205285
33
137
3473
1
125
0
143137
0
5957
377
13
24
16
2584
211297
72
49
322
6497
1624
1
1301
3
3128
2
55667
8
1327
13
4029
29
377
3633
1
153
113
2168
505186
7
1
83649
303
89
1727
5
211297
118481
0
1301
66791
143
1624
35155
4528
2
706
1
32459
576
145
121
1593
1
1727
0
5
15
7
0
5
589
2
1
21
8
987
3
7
3
2
2584
13666
15298
3873
25
0
80225
5
1
1597
1858
31895
21069
1
1
1
88
0
46434
962
0
89
121
258201
0
55
69
3
4239
1437
5959
288
0
1709
80
1
34
1
7617
13
259775
1
8
1
83649
1
2
3688
1
167528
25826
31
13
13
194
674
0
29
436489
1301
2
2
2
143
1
2
3
330304
34
227586
482
2
0
839
2
0
5248
228503
0
21
137
9
120
0
55
3473
987
477
3
7801
20912
41
0
2
46765
485
98
0
17
261
1
2
0
9
7
1
8379
29
3688
116706
0
4816
3
9
1
9986
1729
0
1
8
101
4181
0
24
5
121
0
32
1
46368
81157
35155
31
3
35
34
104
13
3936
8
34
21
165277
273
34
2
6562
169
250445
0
34
49
81157
536
7
377
1
3241
184463
9441
0
5
3688
21641
3128
13666
4249
0
22341
6765
27
49
241
0
1
5805
13
109
473
2
2
53
32
40
9
1
9489
29
14689
34
8
13
985
6705
2178
143
55
2313
3
0
987
703
0
10505
2
2
28657
1
75522
2
37
0
9
6562
0
117
5
505186
1
201
1
4181
24
1
23
72
119216
0
327
378850
8
143
49
0
21
2
21
987
55
3
34
13
17711
153413
3
15298
173533
3
27
61
231
4181
6705
8379
1250
5823
674
1378
187
41
65090
5
1
290
1
203
3
42584
1
109
5957
13
1
95
483
2
0
0
72
0
261
144
4181
0
1
143937
3
144
10946
0
0
6565
1
987
29
0
23089
1657
0
21
8
45
1
1314
1
34
720
243042
170411
2
30978
7
1
1
2
49
3
226
74977
3
1
95
24
75
55
0
0
8
1
22341
1
1312
1301
3128
2387
757
2
5
2624
29
2018
46765
7746
2
55
75522
9
13
6264
35549
1437
2313
120
1312
63167
30840
32
6765
258
221
56
432
143
6497
34
21
485
13
0
4181
3473
0
165277
5957
2
235065
189
757
13
277
365
34
8
1
6565
193
9
46765
7129
4181
187
98
7106
34
17
27
2
9
0
9442
56
839
11
2469
49
97431
1
0
1
1
0
4239
34
7885
48
1
3
1
610
0
436489
1096
1
0
2
5
153
3688
0
3
8379
5
21
193
733
55
1597
3906
0
536
53837
181
3128
13
89
13
5
427
987
577
34
73
3128
1
1
69282
0
25
0
351
485
1
2
610
1
3223
17
377
429672
432
2
75025
161912
1
371
421
36009
3
9442
621
1301
3473
3061
40569
2
245
2018
4989
0
1
0
227
14689
2313
34
1327
261
2
3128
3
0
2
3
577
0
1
515789
1
9
181
98
201424
2
21
227
377
2781
81
11
1
2
1
2
37757
987
985
3746
1
0
250288
258
1
5
157
1301
7129
1
233
121
13
9
8
1
0
2781
1729
144
221
5
11
13600
3
3473
0
2
5
231
561
130
1
1327
45608
97
962
273
1597
22343
144
0
16
1
2
0
21069
496
0
1
839
25951
85
288
43273
162
15
577
0
12865
10946
7129
1657
87177
0
56
16258
40
5
0
1
757
610
7
81794
1
3
173
1
35549
418
121
12441
9441
144
21
66
429421
29
2
226
893
120
3633
196162
418
2
427
3
42584
5
225
56
1
24
27
1008
57
23
16075
3
2
2624
66
34
53391
2018
121
2
1
898
633
1
1981
13
153413
0
0
2624
2
15
0
5
124255
10946
0
221
4181
987
27
22343
176
0
56
1
17698
1
89
1301
30840
144
170405
77
3
40800
66
5
8
2
1
1
42461
1255
231
109
5823
37757
577
34
92290
36456
11
143
42584
40569
194
153
3
496
2229
8
125
0
1
118481
33
261
205
2387
2669
46765
15
6325
12865
9
13
89
1
2
98
28657
144
20912
468738
173533
8
4816
1
13
1
18113
1
165
3061
24
5
41443
144
10946
497
0
3
32
0
196418
34
2
89
22341
112
0
1297
1
1501
536
85
5
5
8
1
1301
13
1
21
2
231
1597
118481
1
211297
32
53
56
17
0
24
0
1
13
1
1
162
0
5257
3
1
29
1
987
9
1
2584
464000
0
45608
987
9442
0
1602
2
0
28713
464000
2
1
1624
41
3273
57
1301
432
893
436489
233
11825
0
261
61
1863
21
41
118481
610
0
577
1
43
1727
1
0
1
25
83
55
29
0
1
4816
28209
1
83
5
7885
2
7
359362
3
7617
121
1
464000
9
28209
3241
1597
207861
13
29
97218
12840
25826
1624
0
193
5957
432549
39333
69282
8
4181
1
21
573
3
32
1008
5
41
245
2
144
35155
48089
576
43273
4989
610
33
75
24
303
483
33
1
5959
31682
5
621
1250
2018
3
233
3
1
0
45
1
233
371
3
0
3
28713
0
3
2
40800
95
483
1
66
8
117
30840
5
962
0
19
0
3128
0
187
2
1657
0
2584
9693
265
2
3650
353
0
3793
9
16
205285
13
2
576
53837
2
1
186183
2
40800
9442
1
89
5
227
25
1
55
600
41
7
2387
0
1255
1
5
49
3
9441
1327
1
0
3144
85
13
561
1
181
5
0
258
10946
371
56
98
0
193
401
243042
2
40
10505
35549
1
66
1
717
2
3793
235065
121
21
113625
5959
56
6765
401
5
48
167528
29
144
14456
2
1
120
88
255327
0
104
8
1
365
45
432549
5957
2669
1378
8
7885
1
0
985
41
610
1
13666
2661
235065
8
2
1
685
0
28657
193
96
7883
2033
83
1
0
157
65
6571
167277
41
201424
1
105
96
66791
0
85
987
1378
24
0
71
6562
29
250288
1255
12441
5
0
17
25584
65
1
0
0
1
0
73
101
1
1375
0
8
1
3437
1
11
17711
122573
40800
483
201
97
65
76789
0
0
1
0
2
0
1
24
25
201
8379
55
757
55111
3793
1437
0
5
32
6562
0
5
3
25
2
0
36205
2
2754
40
1861
153413
33
4989
4081
40800
610
0
365
1
2
1
4239
1008
1
57
0
770
17
169
13
13
0
0
3
0
181
0
1327
589
6765
7617
4029
39339
1
1
34
21
1
0
120
65
34
3128
1
29
3
0
10505
120
44104
2
339
6705
3
1
483
1
55
0
1
0
1
987
97
6565
3746
418
0
3
3
7
1
159281
96514
1
1
1
377
1
0
5689
109
40
29
17711
101
2
1
37
418
10370
483
0
221
483
343938
13
194
112
13
7
0
1
127129
1
2
7129
226
261
3273
2
130
120
3
184463
1
34205
1
1602
258
258
22899
2
143937
394517
91120
5823
0
0
1008
187
66791
227586
22341
1
4989
1602
1
64
1
569
3473
2
196162
8675
40
34
13
1161
61
569
96
118481
201856
89
1
5
128
91
85
3128
985
0
2
3
2
194
40569
3787
13
1
3793
63
0
0
485
25
0
377
59
66
1
1161
2
2584
8675
83649
83649
12865
1
5
250445
987
121
21641
5689
9441
1
0
7885
3906
187
2
4181
13
2
30840
5
0
1
5257
41
5
70784
987
1597
616
5257
61
34
1080
1
1
485
3970
3473
116706
1
34
25333
3
1
1
13600
65
80
24
3273
3633
7
0
97995
2624
4029
80
97218
1
8
113625
5959
46368
1
987
25584
98
93
3
2
21
2466
577
0
77
589
1250
2781
46765
6705
0
109
52945
5
1301
0
109
1
1301
15
2
25826
1
427
1593
104
92290
30840
170411
1
5
2
5248
1
733
17
186183
3241
1314
193
0
63
97431
2624
89
801
0
10370
5
0
2624
9441
261
196418
3273
29
75025
0
1437
8
2
21
205
120
27
5
1473
0
0
9
15621
5
0
1
3
30978
0
1
0
4816
250445
39333
144
1008
98
231
0
8
1597
1
365
303587
65090
29
1
733
161912
706
139451
2466
1
116706
101
72
5474
117
221
0
87177
47
113625
483
703
0
5
17711
8
705
5
0
184463
0
0
17711
5689
1597
2
2
0
25333
706
53181
1981
13
1314
191
7
0
377
9
720
161912
203
7801
4528
0
371
0
5957
207861
3
864
610
196418
715
0
255327
2754
221
201424
418
8
66791
115
40800
35155
3
11
120
85
450
46368
610
345378
7801
161912
0
39333
1
1
613
1
22899
1
221
55
153
181
28713
6562
1
187
2
47
32459
53181
0
0
1
351
9
2
621
7617
290
25
57037
331426
208
88
37
1
0
2754
55111
9
429421
1
113625
1437
55857
6515
0
175176
1
113
10505
1175
30978
33
0
11825
1
7801
1255
36009
21
3970
48089
0
386
75522
6562
9
1
53
0
22341
2
1794
3
2
5
35155
32578
34
5
34
7
0
0
6515
241
477
3
1
5248
48089
97995
3473
9986
985
9986
3
733
26754
3688
38457
893
289
130
66
98
7746
35549
0
0
2306
1
121
1
109
14689
55
194
77
5
34205
0
11253
0
0
2466
1080
10946
88
13
39339
101
536
63
3128
7
143
16258
80225
5
450
2
0
265
228503
97218
1
3
40569
578
1
43
1
13
1152
143
1314
1193
0
1
40
5
1501
1
0
93
1
3906
1
165277
65
39333
1741
206594
35549
2781
9
167528
1
49
2
3
721
1825
144
5
28713
231
2
1
9
24
46765
0
5
40800
221
208
3793
1
1
1727
41
40569
0
2
167081
505186
15
5
21
34
0
3
96
17
0
11
1297
2
32
0
1301
201
9442
2
97431
0
130
1
5
1
144
401
7617
2661
0
10946
201424
1
34
170411
233
2
1739
987
477
610
80
1727
353264
1
353
89
1593
75522
16075
144
25
616
205285
2
1250
96514
1327
5
1312
28209
1
34205
505186
101
13
26754
2387
1152
194
0
468738
1
77
2018
577
8
3223
