1 28
2 87
3 82
4 81
5 9
6 56
7 51
8 34
9 80
10 52
1 43
2 88
3 58
4 10
5 31
6 77
7 16
8 10
9 14
10 45
1 2
2 50
3 6
4 48
5 85
6 9
7 24
8 57
9 11
10 46
1 56
2 40
3 33
4 37
5 20
6 8
7 93
8 71
9 42
10 38
1 90
2 51
3 25
4 47
5 28
6 23
7 23
8 44
9 33
10 3
1 89
2 36
3 53
4 61
5 50
6 3
7 70
8 40
9 26
10 82
1 87
2 83
3 88
4 86
5 86
6 7
7 94
8 45
9 44
10 2
1 83
2 33
3 53
4 75
5 47
6 81
7 64
8 36
9 25
10 63
1 40
2 80
3 65
4 59
5 7
6 15
7 63
8 43
9 55
10 89
1 91
2 7
3 37
4 78
5 93
6 23
7 85
8 53
9 68
10 96
1 21
2 16
3 28
4 40
5 57
6 41
7 21
8 20
9 78
10 12
1 84
2 84
3 58
4 48
5 42
6 31
7 29
8 4
9 75
10 51
1 60
2 65
3 58
4 97
5 43
6 17
7 86
8 94
9 36
10 19
1 55
2 57
3 36
4 50
5 97
6 59
7 91
8 84
9 80
10 34
1 62
2 29
3 17
4 87
5 77
6 60
7 17
8 73
9 64
10 92
1 23
2 90
3 57
4 47
5 53
6 66
7 64
8 38
9 25
10 100
1 24
2 81
3 22
4 26
5 30
6 19
7 85
8 87
9 69
10 64
1 21
2 31
3 93
4 38
5 17
6 36
7 98
8 0
9 75
10 28
1 93
2 98
3 84
4 15
5 44
6 36
7 47
8 75
9 41
10 72
1 74
2 65
3 18
4 63
5 91
6 14
7 48
8 75
9 1
10 16
1 5
2 89
3 13
4 64
5 26
6 97
7 66
8 91
9 98
10 40
1 85
2 90
3 37
4 68
5 71
6 48
7 71
8 17
9 22
10 11
1 89
2 62
3 76
4 74
5 24
6 32
7 88
8 72
9 6
10 55
1 55
2 78
3 43
4 68
5 42
6 36
7 31
8 7
9 26
10 28
1 48
2 77
3 84
4 51
5 10
6 54
7 65
8 81
9 37
10 87
1 58
2 92
3 49
4 100
5 65
6 39
7 31
8 19
9 11
10 4
1 74
2 32
3 82
4 84
5 100
6 90
7 19
8 97
9 64
10 11
1 24
2 11
3 88
4 74
5 28
6 64
7 94
8 94
9 11
10 30
1 46
2 69
3 22
4 61
5 35
6 53
7 0
8 32
9 72
10 11
1 2
2 12
3 9
4 85
5 96
6 8
7 40
8 14
9 72
10 3
1 25
2 96
3 81
4 79
5 36
6 76
7 42
8 96
9 69
10 53
1 26
2 81
3 89
4 14
5 42
6 90
7 67
8 42
9 21
10 5
1 19
2 24
3 17
4 28
5 75
6 12
7 2
8 81
9 26
10 74
1 85
2 17
3 36
4 65
5 96
6 72
7 40
8 3
9 67
10 75
1 23
2 59
3 56
4 78
5 73
6 98
7 67
8 6
9 5
10 54
1 11
2 24
3 44
4 95
5 18
6 85
7 6
8 20
9 66
10 99
1 95
2 50
3 15
4 97
5 81
6 77
7 34
8 88
9 46
10 0
1 62
2 69
3 26
4 84
5 46
6 65
7 47
8 79
9 71
10 52
1 33
2 48
3 42
4 43
5 42
6 60
7 28
8 14
9 47
10 94
1 12
2 41
3 9
4 94
5 3
6 90
7 36
8 37
9 77
10 83
1 3
2 5
3 17
4 29
5 89
6 30
7 95
8 36
9 8
10 31
1 54
2 7
3 80
4 97
5 51
6 88
7 56
8 79
9 2
10 2
1 38
2 81
3 9
4 47
5 75
6 79
7 2
8 10
9 15
10 46
1 59
2 19
3 51
4 77
5 48
6 39
7 6
8 8
9 41
10 81
1 40
2 96
3 89
4 86
5 92
6 39
7 39
8 13
9 84
10 7
1 83
2 21
3 89
4 58
5 34
6 29
7 37
8 36
9 5
10 52
1 82
2 65
3 37
4 32
5 7
6 52
7 38
8 13
9 60
10 45
1 60
2 66
3 40
4 48
5 17
6 98
7 53
8 57
9 78
10 36
1 64
2 26
3 23
4 18
5 84
6 57
7 47
8 87
9 60
10 53
1 5
2 41
3 17
4 42
5 40
6 91
7 94
8 44
9 70
10 20
1 89
2 29
3 86
4 96
5 78
6 70
7 59
8 30
9 26
10 2
1 33
2 56
3 28
4 56
5 41
6 79
7 80
8 88
9 65
10 39
1 40
2 70
3 46
4 23
5 79
6 86
7 80
8 38
9 96
10 49
1 58
2 51
3 79
4 10
5 12
6 56
7 80
8 37
9 52
10 72
1 40
2 85
3 94
4 68
5 7
6 34
7 12
8 87
9 22
10 78
1 25
2 28
3 13
4 71
5 18
6 58
7 23
8 98
9 97
10 85
1 47
2 20
3 35
4 92
5 30
6 13
7 13
8 76
9 51
10 65
1 47
2 91
3 16
4 7
5 24
6 23
7 41
8 3
9 76
10 29
1 81
2 0
3 24
4 60
5 37
6 8
7 18
8 60
9 5
10 81
1 45
2 18
3 0
4 46
5 76
6 98
7 60
8 89
9 73
10 10
1 20
2 87
3 67
4 36
5 94
6 57
7 25
8 34
9 60
10 0
1 30
2 6
3 67
4 20
5 33
6 3
7 28
8 17
9 30
10 100
1 98
2 41
3 85
4 64
5 87
6 60
7 61
8 12
9 49
10 34
1 22
2 69
3 20
4 55
5 71
6 80
7 79
8 62
9 80
10 38
1 28
2 9
3 11
4 95
5 29
6 44
7 64
8 23
9 61
10 94
1 23
2 24
3 34
4 7
5 88
6 88
7 67
8 15
9 100
10 82
1 15
2 89
3 16
4 35
5 43
6 53
7 81
8 88
9 14
10 60
1 93
2 42
3 36
4 3
5 2
6 31
7 13
8 67
9 55
10 40
1 26
2 78
3 64
4 61
5 51
6 17
7 14
8 84
9 32
10 13
1 66
2 47
3 1
4 48
5 48
6 11
7 1
8 28
9 99
10 15
1 89
2 91
3 24
4 91
5 60
6 26
7 21
8 73
9 59
10 76
1 12
2 86
3 19
4 76
5 12
6 36
7 60
8 26
9 20
10 92
1 39
2 52
3 39
4 7
5 100
6 53
7 18
8 67
9 82
10 16
1 83
2 36
3 7
4 73
5 26
6 67
7 65
8 13
9 6
10 24
1 90
2 18
3 76
4 75
5 61
6 54
7 11
8 20
9 80
10 31
1 78
2 85
3 49
4 83
5 92
6 48
7 36
8 9
9 82
10 84
1 93
2 30
3 86
4 66
5 2
6 78
7 99
8 67
9 91
10 4
1 57
2 46
3 90
4 32
5 21
6 16
7 86
8 32
9 36
10 31
1 29
2 80
3 83
4 44
5 63
6 74
7 92
8 65
9 50
10 73
1 48
2 42
3 2
4 33
5 7
6 71
7 10
8 5
9 4
10 67
1 77
2 61
3 13
4 66
5 60
6 34
7 82
8 11
9 32
10 84
1 9
2 27
3 63
4 92
5 71
6 92
7 31
8 28
9 56
10 47
1 68
2 70
3 89
4 36
5 69
6 62
7 74
8 45
9 34
10 78
1 12
2 77
3 4
4 25
5 42
6 64
7 25
8 90
9 42
10 23
1 73
2 51
3 16
4 1
5 8
6 87
7 60
8 39
9 81
10 82
1 87
2 14
3 52
4 41
5 51
6 20
7 70
8 24
9 66
10 70
1 68
2 78
3 46
4 72
5 69
6 88
7 36
8 94
9 43
10 44
1 83
2 15
3 95
4 99
5 83
6 2
7 51
8 42
9 7
10 98
1 24
2 94
3 12
4 76
5 1
6 29
7 62
8 71
9 19
10 27
1 40
2 87
3 71
4 52
5 58
6 5
7 39
8 60
9 65
10 82
1 3
2 47
3 63
4 64
5 11
6 45
7 66
8 62
9 54
10 74
1 60
2 44
3 33
4 72
5 86
6 34
7 67
8 47
9 71
10 86
1 41
2 77
3 72
4 78
5 28
6 96
7 84
8 33
9 56
10 48
1 81
2 25
3 96
4 43
5 90
6 6
7 55
8 55
9 35
10 75
1 95
2 95
3 18
4 95
5 32
6 3
7 28
8 99
9 16
10 66
1 50
2 57
3 42
4 21
5 35
6 71
7 16
8 85
9 70
10 38
1 32
2 51
3 64
4 94
5 60
6 53
7 67
8 81
9 74
10 1
1 55
2 69
3 62
4 39
5 29
6 60
7 42
8 57
9 24
10 25
1 89
2 74
3 82
4 31
5 95
6 83
7 68
8 77
9 67
10 37
1 15
2 66
3 54
4 79
5 59
6 14
7 31
8 25
9 61
10 4
30027284 93
52340815 0
55474701 29
2675845 24
81707830 43
42604877 72
130603011 61
118014530 77
60468578 19
17925387 53
248197 14
96409599 93
92860643 77
1724330 1
62221475 58
56209714 5
5335878 97
130242208 85
29448575 16
37371038 37
22014700 54
92348046 29
89896358 19
30515946 90
1679444 38
95695712 9
25688528 31
22689851 70
116412126 95
61264364 78
112029729 1
61614962 18
121151110 73
14604470 22
4143211 16
17704862 76
40183057 29
34775289 49
81633473 99
9180703 44
87143928 6
116986247 22
80625709 29
10878821 60
93281467 87
11304028 43
20598280 46
2790398 91
67770652 59
95923893 53
41546546 58
120214770 7
60735067 92
52301317 12
97871280 64
49012502 31
109138395 74
29952894 71
4082355 15
38715021 96
81437678 0
106450318 45
45427950 84
5551018 63
19320711 58
39895488 88
81782509 8
39494312 0
54651671 59
98929424 1
64964061 98
130229362 52
108282964 100
79389721 23
18207715 41
114876767 34
13653182 11
42896381 50
123394595 83
79451616 99
101824077 73
62026248 19
37424488 75
109979383 28
117982402 63
49023250 95
54487307 19
53013752 5
124412301 76
49370843 93
99654082 45
122123751 59
59589279 31
29919235 84
29411839 20
28056462 100
114110188 70
31938405 81
130349453 80
29410707 41
79675366 30
10017997 51
38266568 90
35011443 24
109818123 26
43687975 80
58957839 14
34625063 33
33560836 94
100218148 19
39309132 75
16016727 21
54051215 85
3535482 36
66940993 20
118841362 7
83147060 42
115497233 86
59561212 50
50910577 51
126389803 28
83992727 90
25526361 82
77693543 98
85297950 83
101816870 93
91141622 52
84255439 76
117474869 82
88611151 47
79018597 44
48248765 37
23704008 89
52064482 60
93708151 25
63546695 65
97706724 82
63431309 20
130129795 18
71242131 53
23881991 25
12470856 51
125659200 31
73877504 76
9027291 95
68818242 84
104955255 21
41955626 37
44322657 33
53553567 13
50921598 62
4873000 7
95250282 64
85900899 78
50082221 96
80155902 84
130164234 16
29530106 13
17428026 76
12001072 64
92021639 60
116425875 67
31712367 51
20507123 97
21838452 9
52063022 19
17036961 10
52705787 19
76941265 87
88866137 4
63002433 24
59548296 20
44092818 42
91668605 88
117273441 44
53809036 8
45941214 37
68260455 25
61870294 33
50472928 29
71828580 91
3010039 57
52491205 6
82629863 56
86850874 70
48804597 41
52961920 42
41647017 56
62768915 44
74568454 75
28336672 33
79257691 97
61934946 39
116090298 38
72872647 70
105851472 84
90993448 50
10609300 0
2067912 13
19356351 82
132081456 6
60341007 67
53837502 37
133756723 77
63421774 47
48670473 0
102739237 35
30487547 49
134077818 86
24233221 59
133387874 33
118929563 68
60762019 70
44628937 62
72868165 31
90595606 72
85868665 46
84988472 36
26218673 3
56607366 70
37055981 12
34578024 72
99862632 29
85260252 41
12427969 76
40048356 27
6226857 56
10249445 11
65714452 47
44596041 87
39807091 49
112187206 88
72205200 82
125026626 49
97538450 65
85392777 64
123558968 87
59431068 64
7131516 80
76287970 69
32088545 27
41328924 17
34262479 75
100875784 42
110238903 13
133077085 16
14730172 26
56719082 36
88109242 77
84636849 66
123384889 9
33804037 4
62280613 17
30316904 87
63492036 55
7852791 15
116527119 64
12988339 21
5728420 22
107304464 3
13998226 15
94994726 28
8912704 15
54580559 98
109056129 55
82090477 76
85203001 42
15689699 54
72605755 3
123754423 99
44564733 60
120827947 96
100246139 14
10723420 99
113652309 40
13234421 77
20417924 88
60175972 36
25344365 28
130618808 43
45593623 87
99675099 9
10640922 7
53920587 97
40620699 11
14021871 83
28211615 78
92614288 71
122280615 18
113159815 7
24675692 88
123989836 95
73459928 72
31581585 66
48350210 0
103984566 12
51356946 72
60003223 43
36785831 65
22339788 91
121781110 25
97712188 7
25915768 75
2464597 12
20704934 90
78740155 86
47102051 37
8290326 86
38240573 61
111097507 12
91807543 75
30415094 58
61716578 9
60930134 85
60890178 51
15214015 59
109913035 31
87400351 65
67552028 13
66495742 99
111550306 13
5296900 3
4492187 85
36657866 83
40545875 42
5748523 44
57790685 78
73911158 62
105611678 57
14019856 26
95238864 72
84226331 86
85713483 70
696392 69
36155372 91
78695976 2
13479603 47
87861042 7
40095504 84
90785867 33
64650824 19
22975852 20
93680739 88
118776533 58
85221605 35
11596372 29
38826048 67
19911835 33
127346228 29
130668111 32
130093066 6
55731928 16
79559589 48
25527750 64
130030425 100
118673880 64
59792771 75
36093540 100
52463062 94
5077385 27
95926309 96
41627963 71
101621176 68
129440483 36
44809421 64
100293651 6
69873515 77
9936429 18
97156648 30
42469608 30
110302048 9
32787283 15
131936142 55
59436353 89
109087186 57
72517058 2
125056626 0
118425108 11
45566895 28
109470021 18
71351067 57
86003310 59
12140190 50
133740661 61
90425131 95
123092882 47
45743444 43
92583236 6
56104002 5
127926098 51
45204853 41
120897806 97
129613931 10
36810708 10
129010777 63
60091495 94
104678724 89
90971126 57
107203356 66
71586342 19
83896030 80
11954626 26
19947838 98
17188017 4
132065716 33
88788440 23
10843822 29
75189226 44
21493747 92
64134187 5
15152222 58
57849717 39
112922388 68
31960176 65
3324614 86
100232859 92
26198474 45
56036780 92
7968378 56
94882516 68
97110209 27
41040501 31
4716657 55
20956450 81
41701412 48
34035973 51
110871414 58
65972345 1
115459559 56
86594135 3
15216138 50
114817828 17
71764584 44
642288 42
28811121 67
48988856 66
109896852 48
92018268 58
69914840 19
67202990 25
66504143 2
36754262 37
62618951 70
44238230 26
34824020 3
75715055 0
47889843 59
4621369 32
67763781 68
115392 82
64734637 28
80351907 61
69580336 39
104001037 11
33053404 77
4057025 48
247179 77
76974206 81
65184924 28
7184820 74
83066915 1
123180723 14
4311757 16
86814654 85
94291718 64
3953755 1
52687861 51
77602016 16
35033392 57
52714930 38
112310660 58
120599716 10
31317014 64
17018457 81
39854507 0
77440182 40
66947471 31
52647809 36
35626262 95
97165748 80
107335630 15
91636178 92
84997806 50
84337356 15
11788659 83
1949972 59
19359179 65
93719653 39
107966322 47
71404793 95
86727336 37
19073401 35
40603913 21
24019121 98
355636 78
19781301 11
64326351 42
71141441 29
49897189 16
5122729 91
32759431 96
122755609 90
118404455 16
92240342 17
121227145 7
91822824 24
40529377 7
133291178 54
122050690 28
31784075 57
56610394 55
21528074 48
115681079 37
121513067 54
69619534 61
26699546 40
49082616 51
35163272 13
8173258 72
81974472 27
122021612 97
21597829 80
55239584 4
37171749 57
116068137 14
70912097 54
72272086 59
101194415 18
13162629 23
75875236 82
46200443 25
109686627 0
13405727 98
77477209 80
88847299 15
74912521 7
90579272 87
66109484 90
83460169 21
121162099 0
26563426 63
75645452 9
9032485 2
34858902 37
133133186 46
12958043 65
38999452 0
110728231 26
43080992 72
34627999 45
4336472 35
904422 94
278316 9
77557598 12
86926382 51
30167987 6
131254150 86
45106302 28
19330626 30
3619118 29
28433512 89
85283539 82
10043910 28
92351744 14
46738136 96
5448475 17
114289007 60
32745540 13
122996691 26
118076980 6
104321222 49
10687616 62
3344815 48
117059322 69
35631587 28
99849359 88
47503640 49
97564087 85
68762005 91
83954215 77
96319393 75
85424626 35
122183942 78
26960635 22
51453465 74
20212445 46
93639539 9
71287341 34
106257308 89
32796983 76
93032426 40
63734238 64
9170908 39
80391950 95
72740385 18
86608530 82
63285154 33
82660591 56
65730189 15
85771757 51
17188119 98
69860242 21
17607882 85
10149502 31
82741857 98
69836815 92
108748488 62
89509970 3
9168450 93
99468534 56
48655815 36
35703980 56
129738888 3
14798330 39
57246105 24
111511836 98
58446593 82
15772507 73
108109880 62
127705464 1
29620792 9
18475740 36
2468414 10
67521779 49
12440491 38
38716030 94
13849390 70
58076850 77
24134137 54
35428071 21
36065926 49
5111881 93
67764819 73
114952107 89
31979752 47
132084024 99
22591963 27
129915506 82
42222803 27
34858302 0
52568104 9
100341352 52
63833019 59
36026333 47
23128913 55
78781682 70
69056371 70
65246307 48
21879218 21
64683142 64
37204388 2
129376895 20
118732458 93
108558742 0
27938320 63
75142509 50
2805578 6
95602028 95
84375137 5
118689599 14
62210552 29
52286039 54
127430772 58
125943197 8
103814199 32
72941995 34
40800535 55
127692540 100
61082937 90
126690027 100
29888443 94
4089163 9
20261316 57
131718170 53
72569819 4
37812104 65
129841614 90
104520816 67
71810256 71
32701753 98
79170303 97
86662826 19
35739880 24
153612 82
76576179 41
65980251 54
22503875 2
10160191 42
75620272 69
42452829 60
41763882 27
132334664 2
89285619 11
107693742 19
66283009 77
39998976 74
99775552 3
122763711 10
30717332 34
57947092 43
17751613 44
26237007 14
18609409 30
97423094 83
103572797 79
106878485 30
121160829 45
59168334 60
89897466 21
70043626 57
68056645 8
47429825 69
20808257 40
3205477 46
20298254 23
122636034 87
16113419 93
38986197 56
77086996 94
66006269 44
110616204 43
30467018 92
93326526 7
12395886 55
8904506 22
1333255 18
58537325 47
7442391 60
95111285 21
74302877 54
12913939 65
91650809 95
79277998 51
131029893 84
121569618 27
72680146 8
57017007 92
16154529 85
57937512 28
113207436 76
27550853 14
10969223 41
71016280 5
122150153 52
43632167 51
99602208 73
70473064 52
19481868 61
21950867 51
113012788 41
106841664 57
53232715 67
113000254 45
47985103 37
46368708 19
121630039 24
45132537 19
25091603 9
97913787 47
12344087 38
20496932 22
79484548 58
27957755 37
108097269 80
71608820 3
66106306 59
96769138 43
84522137 35
108978926 62
129552307 89
91474480 47
27213463 29
130633263 11
18417733 97
7124260 44
114627771 75
102432234 27
58887337 63
113774720 73
61861578 42
90031131 20
54772733 95
20981866 80
40000360 61
19422451 13
35762606 19
38345559 97
38998347 13
1693811 65
82736340 15
9229631 65
75652372 87
133077123 75
111279486 94
34754292 52
5215142 52
3021597 31
112249388 59
60140839 75
128915122 49
14914864 48
292473 19
129371604 94
108626236 52
73657849 87
122013282 100
62870611 80
51725359 78
16768261 53
5651163 28
95294659 48
20597272 44
119751604 91
21816404 2
26441519 73
71160500 22
133273974 31
69013970 15
67097792 9
126583451 37
121044984 84
129743313 84
42790873 11
37494375 11
112309719 63
32126226 15
59711883 1
63500453 6
18488157 41
56100798 100
96619824 31
86786808 3
87740608 20
25663912 59
10541118 73
20228055 58
51489161 73
75659155 29
124601455 28
51223112 18
88635758 39
94302259 30
55694827 52
31034270 43
20255726 10
1919601 57
124197440 52
45963366 22
80321952 68
125317577 58
72717507 13
125077915 32
51373464 1
88648028 36
40215136 40
14055511 41
108910438 94
103006276 14
9763648 29
80694948 72
125024041 7
59790369 27
8398340 17
92503039 41
65453212 91
53642115 28
33983981 100
7102038 47
129758275 19
51520140 19
50723674 33
21684583 76
93530400 58
10914831 66
113824620 84
132274646 7
94989364 1
91897414 20
89498496 83
11263798 94
18780523 77
77107358 88
46343804 1
100617571 20
122601006 71
54882709 71
116659327 55
87781308 74
124319608 42
74629790 41
87607643 60
44220732 2
115032042 86
109712809 49
128755549 53
22505702 94
105000378 64
6617272 73
77547477 32
42237734 16
1000000000 43
999999999 89
999999998 26
999999997 59
999999996 11
999999995 88
999999994 74
999999993 50
999999992 32
999999991 93
999999990 95
999999989 66
999999988 52
999999987 77
999999986 72
999999985 79
999999984 11
999999983 28
999999982 100
999999981 11
999999980 94
999999979 26
999999978 47
999999977 84
999999976 32
999999975 33
999999974 0
999999973 58
999999972 26
999999971 22
999999970 30
999999969 70
999999968 10
999999967 22
999999966 95
999999965 21
999999964 10
999999963 68
999999962 37
999999961 8
999999960 27
999999959 32
999999958 74
999999957 79
999999956 8
999999955 11
999999954 23
999999953 86
999999952 6
999999951 22
999999950 63
999999949 100
999999948 14
999999947 10
999999946 83
999999945 47
999999944 43
999999943 50
999999942 71
999999941 36
999999940 72
999999939 68
999999938 72
999999937 83
999999936 90
999999935 66
999999934 70
999999933 66
999999932 0
999999931 7
999999930 75
999999929 27
999999928 5
999999927 14
999999926 5
999999925 80
999999924 26
999999923 29
999999922 32
999999921 32
999999920 17
999999919 95
999999918 98
999999917 32
999999916 4
999999915 46
999999914 45
999999913 14
999999912 96
999999911 82
999999910 50
999999909 68
999999908 49
999999907 88
999999906 16
999999905 39
999999904 53
999999903 52
999999902 71
0 0
